38098153
25619297
24806741
40206141
38658921
25755169
214672
805166
1006990
1010070
40730045
26524
27955
3551797
11339
797624
24733445
1006690
39486481
38616857
55492281
38713905
40206217
24767837
3941889
79506417
1002382
4172665
10654
3994533
25886525
29670
24869249
600902
82066637
994209
47073261
10861
890494
54730425
1281
24558841
3892797
80307669
55789761
79301281
620688
210450
3551837
3941757
38562417
801266
3880321
38713961
598744
3893569
24733513
38513505
3643921
942110
8818
40730289
25657869
38966313
941826
40843929
40844093
24525261
3693309
25658121
38513497
767
13562
1006208
31764237
55105037
3892993
54369101
665186
665202
46784061
25658105
55105561
941740
589684
797424
82066601
1006750
82066937
55518885
3643733
24733333
40206089
27786
40730645
40730657
33735881
26226197
1000183
79301361
26226709
901922
40417185
24767701
80307801
805680
55518873
82066685
80214037
38098365
55703557
620750
10033
941808
55518561
25886329
25658141
3892997
55703301
25886425
665192
39876861
25619221
55789513
14684
38098501
1014988
24840081
38713681
79803281
39486037
26419
805752
797694
38713285
26642
55458541
213340
799428
3551861
55703265
25754977
26827337
27682
32833333
4062669
27779
39535997
3880501
54730301
11178
39827721
948552
1006724
598740
82066577
1006720
3799009
3880401
660264
3708597
38713821
1004400
25619421
943216
634632
11174
999545
31273113
1010038
55789385
3941877
10626
26437597
82067045
7697
1000764
37991977
26226129
80213649
799952
40844089
6139
39536109
80213581
3767177
797502
55458561
925922
658052
1001230
38513277
7148
39536145
24395073
4062573
798702
797096
9319
799956
79301409
25619253
799478
82066557
948742
26114413
805270
660268
7937
3643953
80213881
998107
615014
37782773
997351
55492197
26114021
1002012
80307693
5563
1301
26583
999823
40468033
26688
55187257
55789753
3994449
27906
3693289
55893153
11995
38513429
4636301
6663
54730445
33658777
26437577
25170189
216030
5851
31273141
38714125
1004398
939548
662422
36446369
1009280
36861833
662402
79506381
39486173
615508
40730637
798428
621716
38714081
662416
5871
37320885
39486309
37992153
55187385
25658129
55492217
25017713
5285
26490197
1000922
941642
214516
38966449
8943
55492397
1006558
38966225
901730
3814625
25658017
24733605
1002196
100249921
79378773
889772
4273741
12207
38616797
79301389
806090
3766937
1006458
39485941
10638
82066521
82067013
3898669
24559133
39877101
943294
797418
7518
39774769
11474
12091
942046
3880569
5212
26954
3994497
589816
10044
25657757
80770601
994185
943306
942256
79378737
26226053
27121
24839469
55105525
3551781
39485869
806308
1009234
38713513
40730169
1006736
941780
999297
942652
82066817
24806753
80213661
215716
27147
1165
994663
55789609
3551769
622
40730097
605
3893177
79301245
38658857
1006874
1001486
10219
26490165
3941561
79301545
79301433
942822
79378685
14872861
54730273
3894201
24733577
40730625
79506405
7674
36398649
40730117
947906
11509
55458557
4062621
24807149
1006740
79378769
10924
38713549
27661
13066
39486357
27273
989661
12213
39486237
901840
997403
3994761
3952581
38513177
7244
26160465
941708
24768109
39486241
39536185
38713689
24559345
25314161
27914
38714025
55789401
39827437
54730261
40467925
214628
1001962
12450
3994925
26226545
3952737
999431
9116
798298
12394
1010828
26515
1000289
24839881
24733785
999119
38098105
216610
3693453
566
25755069
998115
55105425
41088997
54730297
39827537
38098133
6129
797742
797132
40467869
1002130
12126
1009304
24806961
38513189
5347
8850
5757
39485893
799518
998057
3942037
800346
30637
26893
80307849
39536089
38098197
501314
39536209
25619409
8931
797310
1000451
4172673
3814901
78151405
82066897
26226241
1001368
55276849
25754701
1000429
940800
79301529
26595
78924161
232968
999145
28791609
56315077
39827461
24806989
3914289
659056
40843997
634640
12761
79506413
3898581
27742
37320877
3941817
40730673
598776
24806577
79301353
1006958
81886097
82067125
26490537
3603005
55519265
40417249
25619269
3994645
8684
25755017
38713829
24767997
3880377
24869377
26114285
3914257
216748
805188
80213897
1001222
38659193
78151277
55703397
3898625
799210
24970757
615260
26160309
28979
24806645
38659045
24840673
484910
55187133
806168
79301633
55105421
32180545
948716
207294
184434
3551865
5990805
998093
942200
213516
41089061
40729841
999463
10640
24839673
55518577
26437553
24943885
33927881
999041
40417257
14872857
3898621
1006300
996285
12656
26437413
80307545
82066857
25314177
38713413
999571
211528
38658957
56059805
615224
80213853
950018
80213609
38966565
55789441
38659153
38302833
77507409
78448457
55187389
24839601
25619237
40843893
24807173
797130
54730373
80307657
38966501
3994413
947122
39774525
25834717
805676
999459
28177
79301681
55703177
5521
38098469
1047
1006754
24806729
80213737
3994821
7991
26931
1006784
56314993
55703581
215726
26437637
811904
55458369
26159781
625882
26160649
80213789
40730293
1009154
55789469
4050701
55492253
77507369
3952501
7708
3551885
25754801
11230
942546
1002424
24839561
78151385
999561
24030797
39486265
3782357
27351481
79301253
55971205
999609
589748
798188
999963
1000275
26160657
939544
598798
33927853
620666
25886969
11392
3798757
805002
7268
7497
25886957
56315045
79301481
13278
25017697
55893093
25887001
56314969
234162
55703109
1220
24869397
27919
26226805
55187301
397678
24807193
38513293
948844
6099
11354
78151349
5952
890480
3814873
999197
943232
26490485
13333
948962
82067145
79378757
27133
24767653
40468025
40730177
939586
3602997
79301513
3952549
940858
994689
56765725
994611
40468041
38658809
5357
615338
25755225
38714057
55893185
40730565
6196
10874
24768045
40730193
40468065
79301369
40467949
24328809
33468313
55518829
243216
24559065
1000061
24195149
999617
10592
54730401
79301477
235314
1000127
4636297
39876945
941818
3799005
3767133
24806517
1000341
11371
37383445
39774609
79378841
661128
38713353
950376
40730397
12532
24869277
25170321
10035
38098293
26626
26471
599770
3893305
4636285
38966481
40467905
6314
55002165
1009164
55971189
994641
3893165
97491401
3643633
3551805
40467909
999343
39486069
901680
799458
40730285
660966
55002105
22634821
941742
71060149
38966401
35245261
38659169
3898709
78924209
82066533
38966433
29003
54730437
55458517
55703249
797456
32549
26862
7817
797194
3814961
800056
3880185
25314133
80307501
1002188
56314933
79378797
56315069
18306
24869525
29623
846
55518817
3898753
625876
40417269
658050
625968
995157
55789505
3892901
26535561
31849869
6053
797622
80214033
3880653
38616801
948980
39877017
25619425
82066581
36508993
619832
943198
1011056
241853
55492533
25314433
24806969
997357
40417261
25754789
942530
55105137
1000852
4040509
25314069
24559693
78151297
1000299
40730557
37320897
78448409
3602917
80307737
39827733
1006154
55518993
655368
38713385
999891
27739
79378749
78151401
13277
79378861
24329113
3880857
941948
26553
999469
38713485
78594513
1001128
38713933
40729725
26160653
3994865
915760
1001196
82066761
55105577
24733541
999595
21678581
901692
925830
38658877
38098497
47073257
26397869
80213681
38658717
215642
38966337
806228
22634805
3952689
3676257
40844005
12501
3708677
24525633
82066649
602
26490481
24525709
1006542
566338
40206381
797564
25170181
614982
3893533
799228
40730049
26114385
55518597
211498
27678
999225
25658145
40730261
25017717
26490429
39536261
78066377
26113977
56315049
7129
39827417
75265749
3815177
26437621
28773
10856
39536193
80307837
43088693
8309
40518865
82066629
24360105
5822
1006806
4803413
55971181
39877105
39536061
998113
941786
8144
3981865
26226785
25834665
24558989
3767041
24733853
12236
39486493
1009170
39536001
26490569
78151329
949042
25886765
9316
798334
8726
3603029
39827677
40729837
534
39485981
10474
3693305
3814493
214624
79506401
26113985
82066873
1087
3994469
24734333
38513245
55187277
77507373
3643661
39877021
24733993
25314165
38098489
55492313
29585
40730477
35457025
6539
4114281
757
598758
38659121
6778
883227
889770
79506481
3708745
39827581
26490465
25754577
996275
55187217
216686
77080781
9331
4172709
12003
26114493
25657813
3798873
12845
222095
811996
27351473
11601
10563
8325
38659101
24525557
27392
39485889
4040429
38302953
799244
39486445
999679
925800
3880293
3798769
658040
82066745
25834729
948764
40844077
78151337
32648
38513281
3602865
700
38658897
676052
943266
24733613
24869581
9385
82066725
997415
55492333
40730541
80213729
1010844
26827385
660304
25886353
999449
623928
79378781
234826
79301465
9723
79378705
422
1006882
39827773
82066485
38098085
40729853
600894
82066665
26490401
55789577
9616
40417189
82066657
26490505
79301521
3693249
78151309
24733925
3952489
1001302
939558
55518537
55971073
39486313
82066693
1011922
657038
431
7368
25619277
38098253
79803261
40729733
24525857
40730257
38713453
39486189
40518813
2654905
999579
55789765
942556
39536065
38966365
614176
37991969
54730205
661060
26226245
82067105
948736
55492537
40730425
55105149
39536005
1006270
25314453
55789629
999211
55893213
26160673
1006716
8037
38713273
80307573
40730069
799472
32833329
799112
55187345
55492273
1009402
38513481
39011013
925884
836
1000395
55105129
3676369
90021129
82067069
40730609
79301581
9041
24869777
805960
215230
235290
26159741
26160497
999955
1006916
997203
775734
39827533
77507405
11317
80213989
38713769
26397905
39827433
999451
798358
38302941
37383645
37320921
79378693
28098
55703409
56314941
1001482
40843937
55703197
675986
24767669
37476497
24767877
26114025
27732
82066501
3815145
216700
26160569
214036
994189
1006822
79301405
942034
1000904
35822913
1000972
55789729
3603045
24869141
3894093
661124
941704
797156
676066
55002089
1010046
621668
38098493
38513173
24734141
26437669
806222
25755229
39486537
55789501
26226737
615104
211222
25886417
1009222
24839717
25881
12979
80307685
55703473
13075
79506397
3814893
27163
24559605
234206
55187361
79378801
26437529
3551845
57796945
24329041
3952469
994665
26114121
1251
55187137
798456
79301589
38098125
40729921
3898241
949464
997177
213362
999411
210368
26326
55971029
38616769
27537
38713637
11437
25619217
38713589
659872
999719
214584
599958
39877201
687
775730
28250
1006728
11378
3893597
39485985
4040357
1006556
1006176
3894069
24559241
222081
26114453
1002222
80213905
1290
79301437
25755073
38713305
216710
55105397
38513233
24733281
1010394
37383701
25657893
24525561
1009424
38713317
210440
24329377
82066985
24869601
3898913
39827785
3952717
55105185
5728
614034
39827777
626752
798698
941782
1000331
24806825
180686
999089
26226405
801260
26748533
24806897
6219
217190
8444
25887037
25619429
945122
3898853
38513353
24806557
24839985
941758
8776
24525817
39011113
55789489
25657841
37320873
6808
390
613972
56765741
1000117
805054
1002070
214660
55893253
55703389
38098137
3814621
216614
998103
7778
675974
615520
38713737
82066609
943280
1002496
3814889
29628
24839641
8229
25314425
24734481
36446381
40844041
797282
39536077
1000251
1006488
25834689
3815081
994675
40518777
797816
214394
3767097
10664
24806773
56315057
1006788
3551869
24525653
55187537
29605
657922
80307493
40843969
26535553
38714041
915714
32833341
36509105
26226341
875
3942081
55105125
25755085
7731
79301413
80307645
1002480
3898097
660964
599850
10621
34132653
942636
79378713
797292
54730345
32468
1000772
589668
26226757
56315041
27784
38713429
1001484
26113969
25886361
948532
27027
55492541
39287697
38713373
3643961
11541
32180561
55703069
25886649
6651
3708505
214406
25886993
3676353
40730037
1000025
665210
214176
939012
805700
797432
942104
38966489
80213873
25834629
82066541
24869229
1001336
41088925
1000401
3994553
3708769
79301421
40467973
24869805
38713945
37692865
653
40730305
26490501
26160365
79301305
1004404
39486205
10610
25886641
656804
55187329
55789733
11021
243218
10060
799212
1002150
26226681
3880657
82066749
38714077
13100
27268329
9647
55492525
4011749
999675
38713777
25754593
3708573
80307557
3798893
1000173
4273765
55703257
80213781
38098369
25886721
13036
5844
5351
24559517
79301441
39485925
248166
4114285
139120
3894157
925946
10330
3551777
26852
38513285
889045
3941821
55518721
39827549
3798729
3952633
38513457
32180549
27665
3676389
998119
26621
216812
55789665
52491969
1002500
39536157
241889
999461
626768
942020
38713869
990695
942838
607774
82066909
942574
215078
942028
213670
55518969
82067141
997205
999421
1006922
799416
7196
82066773
26226425
55518713
39876949
180986
671219
7312
24733425
820
7774
39486289
615232
40730253
82066989
3643645
55105053
39485921
805630
24733641
235306
11531
25886357
39536149
26159941
940672
4050713
26226257
1002040
82066589
55518857
24869309
925928
80213833
56314909
38714093
24558885
939618
80213769
656782
77507421
55703361
3892853
1006142
55789425
24970761
806278
10286
942606
1010094
40206369
32833393
40206189
55105089
994435
1000924
244830
36509081
79506361
38659033
39876981
25017921
40729717
5440
6185
3893577
40417205
1000167
216138
38098249
444644
80307605
3815189
55518557
80213701
4050733
1006820
75219669
37383565
55789709
26160489
55187209
3981813
32180537
621684
37383629
949130
26113945
5648
26226385
435504
10414
38513361
620690
943238
36509073
1006462
26437377
24525893
24767549
24839521
55789657
615370
55187129
8996
3994593
39486385
211208
79506577
41088941
55492185
942216
10124
39485989
39827729
463
1000325
599780
801262
4172725
39486281
1000185
24807225
7578
38713673
38513305
994427
24733845
3994885
56426525
3898849
248134
1002418
234798
80307905
3898769
994179
870
26114257
39486073
994419
3898437
39011133
26114049
3798797
34132657
24768053
36509125
3676289
25754625
796858
3898377
74978257
5321
805912
1009362
660962
775808
811998
1006246
26437301
1001296
9143
599758
55002189
941810
3952453
25657921
947066
3898893
996927
79506469
26659
1006438
8084
950176
1009232
28973
799342
79301345
80213685
939574
948842
4172681
39827757
3798789
39827457
1006744
636388
39876933
80214013
1006496
27550
79301641
32833357
28155
3798913
4172721
78448445
3994677
25754821
999925
78924217
25314109
33468309
589700
55105069
79301285
3898641
56314901
39774733
54730269
79301377
1007014
7721
10013
27102
1000393
82066957
80213945
615570
26490397
38513197
55492173
4062569
55703561
3815093
941706
27198
38713757
10336
3894081
55518737
1000555
1006798
27541
948646
805692
37383605
150222
55519277
3643629
38659077
799876
24525717
24767685
24869757
12018
998815
882106
1010030
24329557
4062629
82066961
54730349
39876909
805158
79803265
615468
55703445
3708553
948974
38302805
943324
797784
9737
3941961
24656253
77507357
38513345
28652
40844101
578296
55105181
25886821
55789593
37383441
999475
27274
24807017
598610
40729985
8760
80307717
4172701
3676417
40468049
999607
39486065
599794
39774597
40729797
36509109
885
24807209
21449977
38658789
40730109
55492349
32508
38658945
33468429
82067001
36509041
37383541
943240
37476529
11074
25657925
26159949
868646
6218
4529613
26788
55187589
24734205
79301473
55276853
3898649
55893101
56314977
3708681
77507353
598676
40518949
26160629
3798801
215328
25886377
614086
999735
3798673
25755061
868778
798160
39876985
10454
24806429
7611
9019
37604185
26437541
79301301
38658805
589704
11316
38098313
39827525
55105465
1006182
1006440
24806625
39827749
216122
620664
29743
9268
1000219
4190265
25619309
194618
24839733
38616701
38713361
56059865
32833337
949080
939188
26160509
615280
55105009
80307485
39486113
3880329
3693281
55187393
614990
40206225
26226729
8884
79301449
997207
39827597
24734293
55492089
797306
473258
3892785
214648
24733409
78924173
1000920
4040385
56314953
999893
82067037
950364
1010348
994659
36509117
82067077
26522
40730413
24839745
27080
39774665
940722
999625
79301613
1009460
26160601
11142
1001340
39011009
1001966
3914181
55518725
3898081
806020
3798805
10004
1000870
799892
38713857
54730305
805874
948830
9108
10158
7248
3767129
24869749
614102
633010
901650
55187289
37383577
40729713
55492497
55105165
24733173
4973121
3952629
39486441
1000463
846939
26773
40206305
37992177
40367965
55893193
7192
3953009
39287729
999331
999323
24806845
80307497
38302937
24558953
26160669
943226
55518905
1002182
27608173
39486149
1002338
54730413
12413
40206177
806008
13522
943236
36509069
55789553
78151377
3880141
998335
26160429
79506549
232454
40729993
24734537
38966261
55789625
660302
79506449
32466
40730361
24807141
26226229
25017833
27055
10152
24806801
37992169
80307665
3880597
26490229
669074
1006732
26437613
25834745
26437337
39580973
11077
39536069
222083
10569
24734417
55276833
1002096
55187333
8247
25657905
3893365
55187501
10946
1000485
8962
38713381
997173
41089033
14656
40518745
3766945
39536233
26437409
38513385
4803405
55187557
8203
947086
3551893
999847
1000423
38714133
80213593
39485953
25755089
216810
3914149
1043
3994573
7940
606892
39580985
849842
999263
10922
510154
79301597
1000768
40467957
25886517
38098429
11710
55971093
7357
24869713
615002
3798761
942148
24970785
77507429
625894
24840073
39486429
26226661
47445041
5220513
641
3952881
1023
26490525
3814541
805804
29725
1001180
26660
38098209
10037
7017
26114229
55518933
24839837
997189
41194985
942650
241891
3798741
216044
806266
14675
25754569
55971085
24733153
1000946
1000776
41088977
39827449
26641
3643969
39485897
1059
38098201
79506477
52491985
82066641
915672
39827629
25754613
25017825
244780
3893525
24869725
1000932
614064
660958
26226857
4636309
25314409
3941661
24525589
805744
55893137
805504
55105153
3994841
79378777
994235
3643653
10571
799194
40417245
25170485
943248
3952605
3708609
3708593
34243385
38713393
566354
1009212
82066529
55518937
3941637
41088989
80214025
26226629
39011089
26159825
1000415
76165157
999979
939200
614158
1004394
3708649
1002100
55971109
24806785
79301277
55492149
13293
55105177
36933589
26506
676020
948520
3551857
27934
25619321
28791617
13284
55703537
77507437
3782393
23580709
38714049
77507397
1000151
80213965
26159785
213558
39486413
797788
38098485
1002386
244804
3708721
3708657
25886745
799146
1000465
10428
35457053
39485833
1009514
3708473
3880781
40730161
24839849
26689
8839
4050753
799592
38966453
55187533
598658
589778
12074
999025
655380
24869673
37782777
26226437
55492385
55492469
38616777
25754537
24733777
26437429
942068
1001834
663420
79506565
39486301
39486181
34698657
10090
11086
80307653
40729977
38616725
39827541
40730033
941816
80213753
82066801
663416
25886445
25754745
7404
3898425
38659021
25658013
82067101
80770605
13339
1001188
3551833
942630
39774713
1006710
798276
1000065
82066721
31764229
598644
27952
55971161
27024
11058
6737
10830
925942
79301561
21975633
39356997
25886865
3782297
39774565
97184401
949046
37383509
27961
3798633
55893113
38713341
25886849
996289
3941949
38513297
25619289
26226225
939556
1002450
3941841
599808
3798937
940798
25886797
4040437
40729793
5326
1006730
38658929
9763
83674637
82066477
24558801
24525621
4172753
26226205
82211365
36691909
3798965
217204
943304
39876997
82211369
80213577
1001124
24869313
3942049
1000804
8483
39486213
55518957
40518693
40206181
26508
25657765
38966345
39486089
37383601
3815005
941716
1000892
614164
39774625
80213725
797760
38966373
82066597
214546
39486017
55703525
940682
589720
805000
815001
38407149
22074757
998971
55518953
82066965
6470
3898881
24767521
12849
5930
39486153
1009246
3880417
26437521
798386
26226045
82067065
3894181
26437601
3814917
39357137
945120
24869789
939610
80307633
55703221
39485949
598686
1009348
82066621
7637
9330
660138
39486449
38659197
55002153
3767165
1002502
79301665
10584
3892905
925860
82066517
55519285
1002200
57094765
3994465
26226713
38713397
28869
39827605
3892845
25657913
80307733
39877121
26397921
4636325
56059793
6167
24558809
994425
3815125
3914109
1006274
26160281
1010432
38659065
26160377
3693257
23244589
14735
942052
24559649
25658133
24733793
27377
55789537
55703433
39876869
999117
6813
82066805
80213713
805046
800082
11223
786
38713997
7842
25657857
26113993
599724
658316
80307521
39485881
38302909
657938
26838
55789449
32180565
38713405
25657861
39485997
805722
3880081
999723
38407129
3894009
11673
3952673
26685
797290
947084
999159
40730329
82066881
1000093
25619273
1006932
12834
7392
80307697
619810
33762177
1006738
80307873
55105197
24767725
39011017
26159913
40206309
3798985
26761
26226421
55703393
949104
39011053
24806909
6028
999757
26159909
13341
657042
55971125
39486549
39486485
939562
775816
11382
12485
40729849
3893513
39486505
994423
940728
24733861
4190281
24768025
615404
973748
13335
55518785
24734073
998775
24806669
26397873
24733365
10137
24806749
23487169
40518765
55971045
26114209
11999
1001476
945126
39774749
996269
26607
1001812
37320913
81885821
26798
12472
25886629
1002136
24839665
8439
75265625
4050737
3708509
39486401
26159737
28247
55703357
24839649
676040
39827653
798278
9585
1002258
29723
1006178
82066837
12582
3942085
55703345
998979
24767745
665188
1006762
806342
999293
6341
79301685
599902
26490413
55187417
38513449
215708
797140
4172761
40467877
660260
1000163
80307513
39486365
4636305
80307709
55789737
26114345
55971153
1004408
901652
55789601
998961
36509065
10729
999507
24839653
80307809
9555
24559685
40843953
1009226
25886545
24839817
36509077
79301237
1006778
55703513
55518697
55518549
658464
3892777
55703501
41089049
25886325
1007016
3942053
3551817
1006574
27912
4273745
998109
33658805
994667
24806737
78594525
210444
38658833
636
7289
81886085
40518741
948648
38713657
811962
27124
55187165
599692
661090
997741
25170473
3898285
800352
26226265
626788
26226901
39486317
186878
658332
1000287
3994817
997185
79301609
8329
39774709
54730325
890472
39536273
660262
13093
55492493
949078
24733717
37383717
37320881
32833345
5642
54730433
4172765
25170341
26226089
798490
999125
948526
805886
656874
215330
213582
998111
80213809
38713569
999335
9241
3898325
78151229
1001374
24768037
1006748
25619229
5229
799118
11499
40730241
941632
55187193
24869165
1001298
35318417
614192
216826
55002149
24869153
56426533
3798909
248152
7307
56315021
447
40730653
39486573
55893209
3994409
207638
9923
3767145
39774753
798324
799946
38658893
25619265
3782305
10831
77507337
11422
80213565
599896
1001860
6736
25657853
621674
79301329
38966229
36861837
40518841
37383721
26397853
3893337
901610
24839785
40729809
80214069
78924189
999725
40518909
80213793
12618
863
39877137
676034
939604
55105105
805518
27240
599812
37476533
40730149
915624
27738
7586
26114377
782
5571
39011145
40206101
40518929
806022
1010440
26226777
1006538
999493
21975637
9361
1009454
3814741
29686
11718
24525617
38713797
30679
1006170
77507413
79378825
40206093
26159721
39536137
942568
24734545
6401
28245
10867
78151293
660284
3952445
12640
798128
25754609
55187297
27053
27255
12778
80307505
3693597
25619233
26114469
1001126
40730437
3914093
243226
207312
82066565
38714065
40518721
12209
24839841
38713665
26226269
3766953
6106
56314949
11567
80307673
9127
26114153
55703517
24767517
615112
38098073
40467897
11722
80214017
216718
1002232
82066525
38098205
999733
901698
24807269
22634829
623956
38713321
55703509
56059817
805940
805922
619846
40730221
838
798350
55492221
55789381
39876889
11502
11457
40729705
39877045
7157
950366
40367945
39486033
3892969
217196
207346
4190285
25619301
941972
80213721
213502
213498
25619209
79506493
36861829
948846
11030
1006756
55893221
24525377
39535981
1002388
38658881
55703573
39774545
38658917
24559045
78151289
54730245
1000746
1010842
26114001
243240
80213921
40730145
6432485
38302901
25170505
26226097
1002462
868526
77507377
55492269
26539
999967
55105057
662412
38658829
38659049
55492549
39485905
1001276
40730217
24734365
38713297
1000816
3898681
637784
38713685
805720
25619293
82066733
39774533
28893
24329053
1000023
811992
25886961
24807053
948772
7515
948982
1006726
806320
37992189
39774653
25754605
797108
598678
213540
11064
799318
806714
79506585
40206285
12813
55187213
10886
55492325
31764221
38713309
1001922
24807237
38713649
82067073
999543
27338
38713877
37992141
3880089
658054
80213889
6830
999085
10347
9021
3898529
39774645
797200
40844009
24806509
942214
79803269
890362
6432493
40729801
12211
3994729
38513349
805788
1001984
7592
28054
36509057
1006688
999221
24806957
38713601
40468013
80213637
82066753
615396
1002270
26992
55518653
24869325
36691897
55893129
600888
27940
25754649
625898
38659025
55105389
950374
39774669
36933585
215250
40730473
997963
5281653
811954
11736
216054
55893189
39876829
4172677
56059813
26226557
7994
38966445
24807177
6621
82067129
805008
949456
3767021
37476509
1168
942828
256968
665200
39536177
39486121
38562425
81886109
925
38513401
25834701
24734257
1006714
3643837
901638
38658753
26710
79506589
3894229
26160613
25619417
915632
55105581
3782289
55703477
95474933
23244601
26226957
54730393
3994669
55105033
901694
222103
9916
40417181
1001194
55492141
40518885
6018
38098181
80307613
40730501
79301461
1006272
24806829
24329361
27351477
39486185
55789633
56765749
40206345
3880793
80213741
25314065
211226
656776
11062
1000900
25170489
3643665
814967
939196
939612
40729749
942582
26113921
39827589
941686
79301601
941688
3551773
638372
40729881
31764233
999051
3815037
1010050
638378
1009290
3643793
797800
79378701
38616841
665718
24806609
3798669
39827557
1000748
6525
10397
3814565
1002168
25886589
12488
29672
55789493
39486393
81886073
39486197
942250
55893109
25754573
79301729
78151241
9760
55893197
12931
26535641
948530
38407125
35743681
997965
4172741
214634
55971133
998059
39536269
24840657
805686
1117
24734281
26667785
3898473
40730537
521
3941865
1002434
35787417
7482
24869765
797244
26397877
8889
24558969
26114181
25886661
5875
40367969
35245305
55789673
8898
998105
215750
3981829
55893117
999901
23487569
30125485
3880201
3782389
941822
7346
1026
38713277
37992197
25017937
79803293
24869193
12302
5831
38966585
216208
615006
901612
3952929
5207
38713953
25886305
3898869
24733245
806330
7198
11880
39877037
79378721
82066785
54730449
998101
805904
13396
28798
999233
464
58645533
26226365
55492301
1000143
614184
3892989
810
39011033
915828
39827685
4172713
25314317
38713785
38302897
82066877
3893077
1196
40417193
868780
3782201
