40206117
3766937
954
3898081
942046
38513345
901658
1002120
24734293
55789625
615260
1006682
40518741
55518857
25754701
26553
799952
26160497
79301609
55703445
1001476
27255
28216
3942113
26437637
1001984
996275
1006746
3941853
1001180
102930285
222081
40730277
12149
37782777
3798673
889770
31273113
24525709
55789449
1002502
25755085
999479
890472
55105105
665186
26437533
82066693
26595
38713321
40844009
232968
78151293
24806841
39486429
234826
37383441
82066589
40730217
232364
7017
3893285
37476529
38098249
998115
38098181
25619289
78594513
38513233
3693305
38713489
999461
999757
41088941
889037
26226225
26114189
806090
11274
1006488
40206305
997173
3994821
1000852
27742
1165
660262
11086
996265
38714049
55105185
3880005
40730541
799922
55187485
805886
3893365
39356997
1006760
901840
24525857
3815145
940708
55703109
215230
38713429
620750
24525653
24807017
4529613
1009362
55518905
925884
82066565
55492533
39877045
80307645
38098125
9616
79506585
79301317
39774565
25834629
1000173
38966277
942214
3551781
24840073
3708721
37992177
3952461
7088
3814541
945154
27124
589668
26159949
7248
1006710
1006496
1006172
948520
55971077
78151241
102930281
55893101
38966337
605950
10458
925860
38714125
27779
11382
1000153
101348677
26114505
24869713
38966585
80307561
25314133
1006916
25170197
4172709
26160409
24767673
55789549
636388
37320893
3994413
55789761
27351473
24869165
25657857
3551853
39486305
38513429
26490525
79506589
948530
80213965
38713649
942828
55789665
24806669
40730145
38966229
24806969
39486205
39486449
216826
54730205
40730501
1000219
39011053
55518605
26437377
55002153
36509109
11178
79301513
1010070
78151377
25886765
943304
806194
10033
55492301
37692945
39486485
26827385
39486121
55187589
80213869
26437601
35245261
999823
24806557
39774665
39486237
947104
40518841
890480
11378
39536145
248134
3893525
3981793
1000567
27934
55703481
248166
24767653
4190281
55789493
78448457
24559605
38713297
3994721
805158
24733513
55789629
13293
82067129
24767997
24733257
55492493
80214033
4172677
3941889
35787417
1006718
890416
40417189
79506417
25886357
3941561
210440
82066685
79506481
11074
28175
3994533
948528
40206225
12849
25755193
39876901
26437553
1002500
40518765
40206213
1000748
37320913
33468429
1006274
80213833
38658945
4050737
1000287
1290
1000251
40417257
6047
79378721
925830
213558
1006726
26226785
40518877
805504
615112
5299
79301405
13621
55187481
948974
211222
3814989
23580709
55789385
658054
614002
55276865
55703509
868778
13150
868644
3894077
947122
38302909
38713405
8687
26773
11710
1000870
79301613
26114181
78151229
82066873
55492413
55789441
55187165
1002490
40729809
24869309
797080
7937
79301617
798428
34243385
662422
40206217
942124
28733
26535725
79803273
1006176
82066521
38659197
24869461
999025
39486537
940776
3898849
838
998121
55789577
8254
7731
1000804
3551801
25886629
38713281
661124
3942085
24806645
39357129
38713277
38098489
797130
47073257
27027
55492525
39774753
1000924
55703257
948982
996269
26226729
994425
40730645
13341
3893597
999211
7934
799416
26159825
37476533
55492185
27420
13100
40468041
1014988
27273
6162
676052
1006914
1001368
805744
805008
24869781
24839665
1007016
5571
11880
55703537
24839521
1006928
1000065
797244
55187385
3798985
5326
25834717
915760
3914181
26397893
26226713
8818
806200
598610
38713869
3798909
798324
215698
25017937
422
217204
615214
3952489
728
24839837
24558801
207346
26114021
39827653
942104
55703357
26226061
55105037
36691897
589748
23244589
8889
214628
999041
25755225
8684
28247
80307837
942838
1001172
676066
901692
55971161
3551885
3892777
3898769
994675
24806609
566
25886969
38659065
5965
973748
14675
997959
24559649
55703389
40844101
948960
80213873
1006574
38658725
799212
24329113
11404
40518909
24329557
24806801
55105449
39536069
82066637
25170237
37383629
37383601
11736
805960
805046
21975637
24840709
658551
26226561
947086
38302937
998971
890886
216748
82066805
39011013
3942053
39486465
215648
660138
948962
234206
598654
942582
40206101
1117
55893213
3914265
32833345
26159785
24733445
38713317
38098313
1168
941780
24558877
38658897
40467905
6432493
55492197
25755073
26226257
56315021
55276833
37383645
55518885
29623
25755069
1006238
994189
6525
39357173
8037
79301521
3814905
25170321
26226737
55492441
39877017
39827677
27526
77507421
222103
1006740
81885813
26226425
25886517
25658145
3898621
3766945
997741
40730193
35318417
82066857
82066749
998961
24970801
3880401
27211
79378673
8860
11567
29628
24839673
55518937
805776
1000127
3952633
10060
868526
939562
40206065
943248
40844077
38713833
26437429
24559257
76682701
1006688
3643921
81886085
77507429
13066
13562
39774645
55105125
1000920
8297
3981813
241889
948736
26490413
5971
36691909
25755089
39486265
80307793
811996
598744
915714
805752
25834745
56315045
207294
38513497
942110
55458333
25619321
56059817
948772
3643645
656782
38714025
82066937
800084
10861
32468
1001276
948842
797714
25754573
39827749
25017825
78151217
25314165
40730293
26490481
942626
943216
28250
77507357
211226
26862
35245309
79301377
659056
675986
3676369
82066957
37992153
39536109
32508
501314
55518597
948646
38513293
26160649
24733501
55789685
26114285
38513245
40417193
3898881
1006154
37692901
11474
39486153
55893245
40729921
1000555
80213793
213582
248152
24806509
757
948830
82066989
7289
40729753
797292
80307765
49824697
11995
605
662402
55105057
464
25657757
79301305
26471
999493
797200
948980
3767145
24806989
211528
26601
82066477
56059813
26226041
26114493
5728
26626
41088989
81886089
3898581
3767097
213362
25886961
1000946
948844
3643793
942652
994179
1006182
55703397
997351
38513173
890494
40730625
999783
39876949
797502
9143
80770601
38098253
38966261
25754821
614212
40730109
11690
38966365
24869741
598646
614158
216700
24559241
55518549
26114281
39357125
82067077
799946
942034
55492269
3894157
27786
38659121
80214073
79301329
38513177
600888
390
26159913
39010993
32833341
24767837
599812
81886109
3708681
26748541
82066501
79301389
38658921
38714133
25314453
234802
24768017
24839881
7515
39536157
54730305
798276
26160613
25619425
57796945
24806825
36509089
3953001
3893509
55492133
798358
805490
10035
55187193
39486421
11932
4803393
24558953
40730061
797816
811962
216812
1002462
999089
1002100
36446381
40367945
38513473
25657869
13333
79301237
26226733
56315077
40730657
3898937
79506413
24734257
1000776
39774573
33658777
999421
39485869
3798965
1009246
9019
39774625
805692
39485985
999339
32396
40729705
1001296
38513481
25886649
25754881
799146
25754593
100249921
78924173
24733245
27102
663416
1006756
26114377
82067081
39486301
11174
994209
24767669
55492353
241891
10922
806330
1000415
940858
6129
38658881
40518929
14872861
39827433
990695
600886
244804
4636309
55703473
3942081
26114017
37383565
619832
1000429
939548
999545
80213769
82066645
217190
79301465
26226045
949652
3782201
35743681
11195
1000401
3767165
80213853
3603005
38513349
5440
1002450
40206457
55893129
4172713
943198
55703525
26226865
3898709
39287729
36509061
40206177
3894069
3693597
3551777
998109
623928
25754661
10137
1000325
1006680
3814917
214660
37992189
463
79378825
40730045
39486241
8839
5285
1301
39774557
25886545
3994449
5875
3798729
79506433
1001850
2654905
8069
25754801
38713997
26160601
26226709
805054
56315069
3914093
1002480
79301597
38658893
994641
3994593
80213725
39827525
605946
11230
3681
943232
1010094
55789765
9116
38302953
38713549
79301245
11422
80307849
805056
26114469
12656
24806429
81886097
1009174
40467885
36933585
1006270
36509065
40730413
994203
9361
39486213
40730477
25657813
38659045
55519277
55703353
41194985
26160657
431
3880141
33468313
605678
3994513
39827457
26992
25658097
797432
38713373
3994729
941810
39774669
999221
36861825
767
39877033
13522
660294
3798741
12501
55703177
37320885
11317
25886957
38713381
5851
3693289
26490197
39876933
13434
216030
24807177
28155
846
56314909
38658877
1006462
54730413
243226
26226205
806168
82066529
9923
39485833
3893569
999679
26226421
40843929
74978257
999463
27961
82067101
999979
26535641
29672
38713413
24559045
24839645
26419
1006762
38302941
36446369
55002149
6736
27608173
3782389
55492385
40467869
79378685
55971189
23244601
24733577
40730073
7268
24733425
213670
39536229
621674
24768045
37991977
35822913
25886661
28869
55105465
4040385
1010040
1006940
3898641
1000780
3799009
4298801
38513401
80307669
40206165
25017713
26437301
256968
24840041
4273745
28098
6185
28177
40206189
1001860
811954
3892785
806714
25170517
25619265
1001298
32833393
55789401
40467917
3782357
800056
82067045
999847
1006990
40467877
915632
78924217
615468
3942049
40730361
1001124
999323
3952713
4062641
1001922
40730329
3693257
40844089
25314425
3892797
27392
13616
55971045
80213713
27024
4050753
999925
622
4803429
805874
80307613
78448417
943324
10678
657042
38513509
5357
1009212
26226901
25619233
26621
4973133
36509057
38098209
3898325
55492397
37320873
75219669
10013
55518561
775810
26160365
39485905
55105525
3880569
55518873
1000143
55105177
82067001
13083
27351477
38616777
26159741
82066965
7451
638378
657170
3994497
30125485
836
8203
660958
1010844
37383605
28245
7376
25754977
12834
1010394
78151385
1000932
25754613
3880781
39774597
79378705
797800
43088693
10414
9907
40730673
10592
11171
3551869
55893109
989661
30125489
38098097
3798913
633010
3815093
4172665
37383701
655384
79301533
55893197
9108
234798
79506505
55703501
216610
36861837
799428
80213737
27678
80213693
24733777
4190285
79506381
38659101
1000275
215750
24329053
950374
39876945
80213653
244830
57094765
3799005
996285
25754693
38098133
1002182
25619253
38098197
55789489
3898385
25886445
9729
25755017
661128
235306
55703301
3941857
214516
7674
940694
82066665
25834665
805610
941816
26114413
82066837
4114285
11544
999125
25619409
38659153
80307633
24869765
25886369
54730401
25886641
55518577
26113977
3643629
998343
55703197
949078
55703393
4040509
1000772
994659
55458525
942556
7060
948716
663420
38513277
82066689
1006736
40518917
1010050
9073
39774737
6621
801262
6053
4636285
40467949
80213921
799210
24360105
80213661
11030
25314293
25017717
39011089
10638
39536209
26522
806266
1000485
24970757
660302
41089049
1001222
55789425
38659085
942200
55893153
80214061
3952453
55971125
7586
55492281
1001478
4973121
3708657
24869773
80213637
947116
40468025
421816
5757
3693453
39876909
24806909
3798757
994663
38713941
27080
36509117
38616725
56765741
3676289
9021
39486061
79301589
6285
9268
805448
6341
37383717
10090
38966445
798350
55519265
3798937
3898285
24807173
5977
10124
55789593
80214081
39486549
26827337
12778
999967
999561
55789601
615280
40729797
615396
55518817
26397853
799478
598678
1002150
52491985
14735
901652
55187133
26490397
11318
80213697
3814597
806308
82066641
38713689
55971049
39774761
3952445
999893
631648
6196
26397897
939200
5844
28893
925928
25887037
41089033
55458397
26437381
994665
27153
82066597
38713349
25834701
79378773
77507413
3708609
26710
799594
26160309
1000900
55187389
37604185
997371
615006
24806749
999733
566354
40730653
1001482
4636305
55187205
26226285
40730721
25170409
56315041
37320881
11062
40730609
37692865
38513361
660298
1004400
40729733
40467953
435504
38713797
1000117
941686
11437
55789781
3814873
999051
942596
38713953
811942
80213681
994427
54730325
55703513
805938
39486393
38302901
80214037
26437597
82066993
7697
55789521
24559133
25619297
39536177
24733333
32466
671219
38713393
39827605
56765749
26660
207638
3880657
77507409
925922
797290
901612
39011133
999607
849914
598686
940798
26066
890468
614192
11955
3782305
77507397
25657773
33735881
24839561
25017817
10454
25314433
24806681
3893513
79301629
3814901
3643665
29670
3880793
22634821
24869141
3602865
40206309
25657765
3782393
38513189
55492325
38713485
55519285
26226405
26159721
619846
56315057
54730261
79803293
3941821
27055
948846
55492497
39827721
12581
56315049
38713589
806008
947084
1002338
805270
39876837
3898013
13278
36509053
55187297
38302805
798698
26160673
39536165
38659145
811992
26114385
942068
846939
3814533
12018
31849869
3693281
1001966
39536005
38713273
40730417
39876985
79301361
661056
999543
1010046
40843997
79301581
4172749
38713933
26114257
5521
1001336
38966449
3488193
36509125
661092
805000
39536285
55492273
3880653
34698657
39486573
176883
25658133
3708769
941706
12472
1006292
621684
1001374
7778
40729985
3693397
56426533
38658805
79301545
80307717
55492549
40468033
26114153
1006714
79378777
615364
1000423
38713569
3798797
8439
38513305
33927853
82067053
4172737
79803269
55187289
3767021
24733281
24767549
5952
25619269
775734
1009226
32660
7368
1004404
39876929
26667773
82066733
40518745
26113945
38407125
10856
11694
805630
942636
598676
79378781
941946
24768109
510154
24806625
55105561
55105149
599896
6778
14872857
55105069
451112
995121
55518841
56721773
806320
615338
55458445
38302833
38616789
39536269
24970825
24943885
868780
1004408
653
901610
31764221
38713857
79301413
948742
37320925
31764237
55276853
25834689
999725
214176
915624
216044
1006750
97184401
80213593
798456
55187129
3767041
40467957
625894
4040505
40730537
248156
24839469
26226681
27198
3551837
24869525
3708573
39486113
24840657
1009348
24733845
55492537
40730513
26437337
21449977
4172721
614102
82067021
12074
80307537
26852
32549
1006720
25886365
24734481
3941817
615416
55789753
939544
55971073
39774677
3708509
24734417
27810
24525261
24869749
26973
37383509
40729977
28798
38098469
5831
32833337
80307685
82066673
6663
80307809
620666
598598
1002188
999469
3602917
3892969
82066753
940672
35570177
77507405
40730565
55492193
700
41089061
1009232
25886769
1026
38513545
82066761
55518557
54369101
882106
4803441
40730425
656804
615370
660264
25658165
39827533
11019
3914289
26437613
40518849
9723
40843953
26490401
55518753
4172725
55458517
24733785
55187557
12413
26490429
10569
950366
25017861
40467909
26397877
3551797
39486357
55789533
27738
82066657
79803265
38513521
3880857
1001128
39536001
941708
3708649
27377
797788
1006806
5990805
55789469
38098085
10867
3551773
39827785
40730185
3814961
39536073
55703381
24767877
55893189
82066881
10330
38713757
613972
24733197
78151337
12647
26160629
55703581
79301301
55105189
797094
4040429
660284
10874
3942013
79301373
1006874
40467973
54730245
13093
24869725
1000025
3893529
39485989
26160281
797194
998107
55789609
39774525
55518993
3880377
939012
215716
24839713
23487169
1006458
26160669
3643653
79301641
949102
38713681
25017697
25881
661060
24525617
3551865
55789501
82066709
25886705
24195149
93007349
631652
79301409
78151289
799194
51257893
998775
39877205
39536261
38713785
27784
3693309
941992
999475
41088977
5212
80307589
786
79378797
3767089
39827729
473258
25170473
25657889
521
27661
55971181
24806541
1009164
1006438
55703477
28054
32648
26226153
38562425
79301449
3952737
55105581
79301277
55187249
945120
24734001
1100
942822
40206089
77507377
4062545
39774545
999571
1006856
1002418
26490609
8329
12003
24768053
24839601
12450
24734545
5930
39536265
3643733
999735
3767133
9331
79301693
39486433
25754533
30637
3994761
9938
7357
215328
3603045
26685
3814889
24806741
615224
1006300
214634
78151329
3898705
29725
25886821
3994925
25657905
38098497
24329041
40730285
32833357
805904
3898857
1006932
24525817
8760
26641
82066777
55518953
3994573
37991969
3693249
634640
38098073
24840045
29090377
942546
3941961
3814493
90021129
3894181
213540
805676
3815177
55276849
24806773
55893241
25886993
29744
29624
797310
55492217
40730397
6830
901922
1000816
55105137
38966529
79378845
38713397
31273141
214414
79378681
10474
24559589
658050
40843913
80307665
55458493
890490
660962
55703433
39877021
52849181
55893117
55187361
3981809
11142
687
3643661
943190
7842
994419
10831
80770609
80213729
39876997
39486197
805166
24869249
24559065
999233
797108
5563
25886745
658316
38966489
25754749
6780
25619221
26160465
79506341
26113993
1251
55789729
39536061
56059793
33762177
25314317
39486117
998057
11223
26226629
79301281
999579
82066533
78924189
24733605
805922
55002125
6770
39827461
39486309
82066577
79301285
658052
1006178
3814625
999595
82066745
799472
79301713
39486157
7312
25619217
994667
55789737
55518653
11064
26490537
26397869
39877137
10428
27940
55492089
55105009
11499
79301369
11558
3994885
10610
55105397
79506361
39536037
82066985
25755061
1002270
28652
26160645
25619365
999625
3994465
38098485
24734433
38616773
25619417
77507369
4062629
24733861
39877125
36509049
925946
625878
56059805
78151349
3898241
55187301
9385
10924
24559693
998103
11371
998059
26535553
55458557
9284
24869373
38098365
24806961
38616801
948526
39827541
662416
27147
26583
665200
39486401
9737
80307677
80213581
4040357
54730349
194618
37383541
37320897
655368
1000972
25619229
82066629
38407177
1000341
598740
12618
9661
39011069
55703341
6470
38302769
25886565
39486173
25754745
997205
578296
999117
997415
40729781
82066785
998119
39774701
939558
40730289
55187209
39485925
47073261
7262
620690
24869313
216054
55703573
55703409
3880541
805696
949080
39486185
3643961
55703265
656874
9041
3893077
4636325
25658093
12979
24869277
4172681
78151277
3551817
55492253
3708745
3898197
11392
54730273
11457
41088909
5859
3814893
7497
40518705
24839541
24734281
997203
1000393
78151369
26490165
1009460
999449
24839817
24869185
24733613
814967
79301685
1009234
26113893
3551857
25755121
39877121
38713769
1009280
27955
7578
3798921
1004394
56314993
80213541
24806829
626768
216718
26160377
3814565
25314065
38713601
811998
8931
215330
55492469
54730393
21678581
25658013
24395073
77507353
3898129
589694
38658753
25657853
939574
7244
949046
3898913
24558989
39485953
1006724
56315017
38616745
24558969
26490229
32833361
77507333
1009154
3798657
55518713
26506
54730357
39536149
210368
26437409
11722
79301601
80307709
55458561
80307797
10037
10729
805940
80213905
80213741
805804
943306
948538
620664
1220
9316
27345
55492333
998101
637784
80213809
24869777
38713829
55703561
25314109
26539
234162
213512
3643953
29743
999293
625968
3898853
26437529
9647
3914109
14684
3941757
38966401
1010030
3952501
589720
38098501
998105
1000151
13339
1001484
38513281
97491401
915672
25754625
26114453
80213989
9760
40729909
797784
27163
24558885
925
4172761
663118
80213945
39486481
79301529
1002386
27682
797306
39774769
1006730
55458485
39486181
12761
40730125
3898561
216710
80307485
589792
999297
25170181
77507437
25619293
7148
11673
38616701
55518969
24558809
12091
216122
890330
26226245
27952
3814621
40729837
626788
40844093
37992149
6139
37476509
214672
40518949
55187257
26397865
24656253
662412
26226929
24733221
7198
39877117
215642
38407129
26160489
47445041
38713245
3798801
39827437
1000299
800346
3942037
12236
82067005
1002232
24807097
1002096
38713877
40417249
39827789
38659029
26397905
79301345
4636297
55789673
7404
9241
38714077
676040
484910
3880549
1000441
901650
32833333
5822
211234
82066541
939618
24733717
943236
38098217
29003
38513285
1000904
868646
27919
940762
3952629
79301633
10571
39774533
55971109
1006820
80307653
1059
55703213
3981865
75265625
598626
29605
26226357
25657893
12394
26113969
39774577
1011922
1002040
4273741
24733993
26798
55703249
38098205
999159
38966373
25170485
999331
24807257
75265749
998111
998131
3994725
79506401
1009454
676034
940800
1281
39486505
1010348
194622
799112
626752
11684
6568
25886757
39580985
80213577
996929
8084
40730129
78151309
38713705
40730637
55971029
38713845
39486245
38513341
999451
883227
941776
3898469
24840673
55971205
942608
80214069
95474933
38616857
40730357
25619245
82066813
211208
3892953
214394
939196
1002070
40467961
10664
614086
24328809
47507821
1010452
925808
8483
24869789
80213721
799956
27537
3892993
56314949
25170189
39827449
39536009
40730049
38966453
39877101
56314977
1004402
26607
950176
1006798
25887001
54730433
55458521
566338
82066609
941826
39536077
901880
901698
55105425
3893257
40468013
6218
41088925
186878
77507337
994235
28791617
40367969
25658017
950018
54730345
6539
34132661
39011137
27338
26159781
38098273
14656
39486365
55518785
24970785
3798789
12213
26490569
9319
1000465
55893093
999459
11339
29686
24839785
3941865
215748
55002189
38713617
6106
13284
1000093
82067073
80214013
615404
26535637
82211369
39827773
939610
55703345
3914137
9916
1000023
34132653
55789605
40730437
799592
79301665
3676353
38659033
940722
3880089
948648
798702
55105181
38713657
3603097
3643969
3892853
996289
82066817
615232
3898753
40729849
26159909
997965
79506565
1001166
24767517
3952761
999963
26114049
38713905
4172741
24839509
3676257
3814777
798462
55105033
26326
600894
619810
10830
805276
812000
24329097
26114293
661090
24840725
797760
4172765
215078
589700
10868
1006754
22634829
3551769
40518813
806022
55492541
1006738
1009304
39486177
1006208
24733645
40729993
39485889
26226129
997357
3643941
940738
24806729
39485881
37782773
40417205
660966
28922
11077
1087
55105053
39486493
3880201
941642
82066909
10158
79506493
37383545
210444
939604
7564
25886721
3894093
24970761
798188
79378841
1006882
40730221
7774
39876889
26659
39827581
941818
243216
24869397
941972
36509069
1000746
599850
55703517
665202
1009290
1047
8962
27053
12126
798298
1010038
939612
55105089
11094
797282
80213649
40843893
56765725
1001188
942630
4636301
55492437
31032121
3814649
1006728
40730261
3708505
55971153
25619261
901906
55789553
56314901
3994841
80307657
55002165
38513505
24807053
941740
40468049
25658105
24767745
27240
55971085
805912
1006556
1002434
80307573
800082
39827557
10004
38966345
23665989
24807209
1006440
26226757
12781
80213781
82066725
8501
3898153
941704
13335
38658833
55789657
26437669
26160665
79378749
80307873
24525561
24869229
1001486
1006538
3815081
38966225
82067105
625898
26642
82067141
26226241
28206
26490177
50398873
79301261
1000463
657922
3799029
39536185
3798633
37320877
999675
3708553
10490
13559
38713665
26226197
26437541
80307605
26226265
870
658543
55276857
40417245
82066581
24767697
235314
24767797
941808
24559293
55703521
55105065
24806517
942650
1002130
38713973
222083
39877105
1002424
25886425
997177
26226649
24559345
12582
79301353
27906
24840081
82066517
6099
948552
9763
942148
1006768
7157
6018
26226193
901870
28849
942020
234840
37992197
999559
24767521
939586
24869673
25314409
83674637
1000183
534
52491969
38713421
32180537
3782289
25657921
54730449
615104
4273765
3994669
942530
994423
1006514
24558841
799876
25886361
661062
11354
4050733
943238
38098153
941716
26226805
40467925
79301461
37383445
1000289
25754569
80307773
80213889
24733541
214584
79506469
660268
184434
948516
3898649
26838
79301253
3880081
13396
55971133
660260
1000339
598778
55002105
55518725
942632
805002
13412
998093
901670
79301433
24869193
38658829
25754605
38659021
56314953
25170505
1006650
36509081
3814741
78151405
40468065
943294
80213753
40729813
8444
599902
40730473
3798761
79803253
3708593
55187217
3708597
38658989
5220513
3643837
79301441
1000515
26114121
3952469
799118
925800
24839985
949104
40730557
1010414
26160501
999119
39774713
26114345
55789505
55105389
82211365
79506405
3880321
216726
1002222
39485997
32180545
55187137
1000768
1006480
80213985
997963
80213881
901822
24869377
55187329
24807141
54730425
39486413
1010440
3898461
33658805
27133
671
82066961
80213565
3676417
39011113
1006168
37383577
24559545
3898681
806186
1002168
942606
12209
994607
3767177
806342
79301729
999617
806284
78924161
1002382
26226857
80214025
38658789
9330
941742
805700
4062621
26226437
82066801
3898529
4050701
798226
39535981
80213557
39827537
942166
24767805
5347
79378801
38302905
25886865
39827509
3952929
82066649
38658809
40844005
39774733
815001
38713453
26490505
941632
55492257
80307737
3898097
3898669
943266
6028
1002124
54730269
621716
1000281
25619237
40729881
1011056
1000185
82066557
7592
941960
55276845
39536233
25017833
3894009
38513449
6375
10397
1007030
3894201
805976
80307501
901598
26226545
1007014
1000163
658332
805518
79301561
24869153
999411
1006246
26226557
56426525
3892845
39486141
38713949
25755229
24329377
55893185
3894081
39486017
80770605
5906
901694
941688
948764
40417261
26397873
5945
55789733
40729793
97184421
41144497
1006784
949042
950376
9189
38713341
39876869
10044
39486317
1023
24734141
3898437
665210
38616797
38713961
40206285
25657749
56765729
1010432
79803261
39486445
1010842
665188
8247
3893165
999263
1009170
81886073
82066485
25619421
1001812
38659049
55105197
27274
38407149
999955
941974
941786
38713637
1000922
54730301
55518933
80213573
3815161
24733853
949160
614034
39011009
31764229
22074757
999343
1006788
79378757
37992169
54730297
38966241
1001302
39486409
82067065
7196
38302897
3880345
660964
24807193
38966481
999555
641
998113
23487569
3914149
598758
799458
1004398
39486289
7211
6737
947906
78151297
3941841
24734073
999965
890362
26159941
214648
39827549
39011017
80307693
38659025
599758
40730149
35245305
55492349
638372
216138
4172673
3602997
602
38513197
38098513
39486149
33658829
3880293
25017921
80307697
5281653
1043
39827629
24768037
3551861
55789709
79506477
589684
599724
614164
25754649
13277
36933589
40730177
997189
3798873
39827589
656776
33927849
1009210
799892
55703221
39011093
214036
799518
3892801
24733153
25619277
40206181
26226341
76165157
606892
55105505
3798769
3994469
1006778
26226661
797424
26437521
56314941
241853
4062669
82067013
3676293
3880481
28979
3952605
3914257
40417185
25754677
659872
32833369
11531
39536193
26761
216208
38658717
10563
1000061
80213893
811904
3676389
621668
38713609
22634805
79301421
139120
5332
775730
1006958
34132657
999891
1006142
26931
1000451
40730241
55105217
79506397
6813
37320889
40730253
38713969
3782329
11112
40844041
215708
3643925
40729801
26689
12813
80213849
80307817
1002200
11999
24806957
941782
40206369
1006380
806278
805832
38407109
797476
40367965
79506577
55492241
798386
25314161
8309
80307905
56314933
10621
800352
24869757
55893193
55002093
670115
3892901
26948
397678
39827777
38713737
35457025
3880597
80214017
889764
40844021
38713777
24806897
3952549
24559625
26226089
658464
24733793
7392
37383721
79506549
5351
38098137
25886797
215250
58645533
1009402
40417269
1006716
901730
38713445
55492173
658048
40518865
27550
7721
3815125
26437621
79301681
78151305
3952881
4803401
942274
657938
24525557
29585
26667785
216810
636
3798805
24869581
214406
5229
5642
25658001
26113921
799244
1006822
232384
1006162
810
805722
80307513
1006272
799318
999721
10152
54730437
80213685
79378693
25619273
942568
3952581
46784061
79506449
3994409
1006744
26160481
55518737
24839717
39877201
797156
889772
6219
40729725
26490501
213516
4114281
39774529
26788
55458369
25754577
3814781
13075
55187537
3953009
79301425
8325
55458541
24767593
82066849
24839849
36509077
797456
26159737
3815189
24869325
25886353
3551893
1002136
801266
81885817
39011145
38098105
7261
55187501
38713353
3952673
38966565
24768025
3994501
24839649
999145
39536273
999723
805720
1006542
26535561
11541
40467897
40467945
13285
36398649
797284
8850
940728
32180561
3643633
798160
79378737
669074
55187533
950364
26954
79301249
994689
210450
39827501
600902
39774609
3880417
3994865
38658929
40730021
675974
80213613
25754789
24869221
4040437
4803405
7482
901680
11058
942216
25755129
25886589
47507813
1000892
999431
55893209
4050713
38966501
55703069
25886537
24767685
10946
38098201
38714057
39876829
24839617
1001340
78594525
782
36509105
55187393
24807245
24806577
798334
26226957
805686
941988
797132
1001834
25886377
53782649
55789633
55105169
1000167
25886625
3766953
11048
25886325
80213789
598644
25170489
998815
80307801
801260
25314289
989663
39536305
798278
39486073
33927881
79301473
3898377
5871
215662
26160569
6694
26226269
25314069
25754537
999335
3551845
80307733
9127
40843937
615570
24734365
26114401
5374
3952689
55893221
24807237
77080781
778
634632
3782297
39486189
28791609
39486069
997363
11316
676020
55105421
943280
5648
81885821
24806753
30679
4062609
8106
41088997
25886849
37992141
40729713
39486033
3898209
38714093
40730097
3880785
38659169
849842
55518537
625940
24839841
3892905
27351481
55276829
55518829
38098293
38713385
24806581
3941965
522
947068
27121
1009424
9585
10886
599958
26114025
25755169
3893337
222097
55187213
615508
40417241
38659193
82067069
38713561
4172757
38713685
55105173
849809
1002388
25657925
82067153
775808
25619209
26160509
1006742
55492313
38713673
27541
3815037
39536089
39486037
39536225
1006422
6808
797096
998335
599808
806222
79378713
40730161
3708473
38616845
1009222
55703557
38713821
665718
24839653
27268329
1002196
1001194
39011025
24559517
4050749
55893113
26226769
1000764
1001196
797564
942028
27608493
28973
12931
3892917
941822
26159917
82066773
25658157
805024
24525621
213498
214138
10654
3893533
215726
39486089
80213897
24132349
180686
38513385
80307497
24869805
82066601
943240
3898433
915828
1006748
25658121
232454
1002012
40206381
614982
9555
80213621
207312
25886481
7817
79506537
37782761
12116
54730257
80307909
82066905
863
939188
25657913
40730305
24767725
24807225
811882
55492149
1010828
945122
994611
615520
78151333
599
10626
4172661
79301477
33468309
995157
3941661
39357137
7708
82067165
26226001
3898425
79301717
806020
55002089
3893177
243218
39535997
24767701
3994645
8776
79803281
80307861
78066377
3880329
875
39876981
79301437
26160429
27912
10286
38713361
41088993
805188
37992161
27914
38659077
40730465
6007
55789513
799228
8726
26490485
25754945
948778
243250
615438
6314
80213609
21975633
915802
39774749
3798669
4011749
38616841
222095
3898869
999017
3551833
589704
39011033
39877037
998979
1006752
24525717
40729841
37991957
71060149
39827685
657040
625882
38713465
614064
6401
80307545
24734537
24839641
40730117
3892997
235290
25886329
39774709
599794
26226365
598658
949130
39485941
24807269
38713725
25619301
39485897
797418
3815005
3898893
41089081
24525589
82067161
55518697
10971
3952717
38098429
80307673
3880185
55105577
12845
39827757
